0.000
0.000
0.000
0.000
0.000
0.000
0.000
0.000
0.000
0.000
0.000
0.000
0.000
0.000
0.000
0.000
0.000
0.000
0.000
0.000
0.000
0.000
0.000
0.000
0.000
0.000
0.000
0.000
0.000
0.000
0.000
0.000
0.000
0.000
0.000
0.000
0.000
0.000
0.000
0.000
0.000
0.000
0.000
0.000
0.000
0.000
0.000
0.000
0.000
0.000
0.000
0.000
0.000
0.000
0.000
0.000
0.000
0.000
0.000
6.000
30.000
81.000
116.000
128.000
156.000
124.000
142.000
142.000
116.000
134.000
131.000
146.000
154.000
149.000
128.000
117.000
124.000
134.000
157.000
132.000
113.000
118.000
139.000
121.000
118.000
133.000
116.000
138.000
143.000
141.000
128.000
127.000
124.000
116.000
147.000
120.000
132.000
109.000
122.000
119.000
126.000
119.000
129.000
118.000
97.000
121.000
112.000
120.000
112.000
115.000
121.000
116.000
123.000
102.000
92.000
130.000
114.000
86.000
117.000
101.000
99.000
92.000
95.000
98.000
91.000
80.000
101.000
90.000
107.000
111.000
94.000
95.000
85.000
82.000
106.000
100.000
89.000
97.000
96.000
96.000
101.000
101.000
96.000
97.000
94.000
91.000
103.000
102.000
125.000
100.000
101.000
108.000
120.000
105.000
111.000
115.000
131.000
111.000
119.000
128.000
123.000
109.000
108.000
117.000
131.000
140.000
111.000
125.000
120.000
135.000
108.000
125.000
118.000
109.000
109.000
124.000
104.000
96.000
92.000
107.000
64.000
92.000
83.000
104.000
86.000
84.000
80.000
92.000
92.000
93.000
98.000
87.000
79.000
85.000
66.000
80.000
85.000
81.000
68.000
82.000
86.000
80.000
76.000
84.000
79.000
75.000
69.000
58.000
80.000
73.000
59.000
72.000
74.000
48.000
93.000
68.000
61.000
61.000
68.000
64.000
72.000
69.000
81.000
72.000
66.000
80.000
69.000
72.000
66.000
64.000
62.000
69.000
60.000
65.000
71.000
61.000
58.000
60.000
68.000
51.000
65.000
65.000
59.000
60.000
78.000
59.000
59.000
80.000
73.000
66.000
69.000
58.000
65.000
58.000
68.000
56.000
49.000
65.000
33.000
42.000
51.000
55.000
53.000
66.000
59.000
51.000
56.000
60.000
59.000
56.000
48.000
33.000
58.000
50.000
44.000
59.000
54.000
49.000
54.000
50.000
62.000
69.000
51.000
48.000
70.000
54.000
53.000
43.000
58.000
60.000
52.000
51.000
64.000
49.000
55.000
52.000
44.000
59.000
52.000
49.000
49.000
49.000
57.000
48.000
58.000
47.000
49.000
54.000
55.000
49.000
41.000
60.000
43.000
50.000
53.000
41.000
51.000
47.000
54.000
42.000
51.000
48.000
40.000
45.000
56.000
46.000
50.000
35.000
48.000
48.000
46.000
49.000
44.000
46.000
36.000
41.000
33.000
37.000
40.000
42.000
51.000
48.000
48.000
43.000
38.000
44.000
59.000
50.000
45.000
43.000
45.000
47.000
60.000
54.000
48.000
54.000
44.000
33.000
45.000
40.000
35.000
53.000
46.000
48.000
37.000
43.000
44.000
57.000
46.000
43.000
48.000
47.000
48.000
40.000
49.000
53.000
38.000
42.000
51.000
44.000
52.000
39.000
31.000
43.000
38.000
41.000
51.000
45.000
44.000
40.000
47.000
30.000
31.000
37.000
47.000
46.000
42.000
36.000
45.000
43.000
38.000
47.000
36.000
29.000
45.000
50.000
47.000
44.000
50.000
52.000
56.000
47.000
45.000
40.000
48.000
39.000
47.000
38.000
45.000
37.000
40.000
58.000
45.000
31.000
40.000
52.000
47.000
44.000
52.000
42.000
39.000
47.000
34.000
58.000
49.000
52.000
53.000
39.000
44.000
51.000
39.000
49.000
42.000
46.000
44.000
41.000
50.000
39.000
48.000
45.000
47.000
42.000
38.000
31.000
55.000
47.000
38.000
47.000
32.000
55.000
55.000
37.000
34.000
41.000
47.000
46.000
38.000
46.000
55.000
43.000
48.000
47.000
46.000
52.000
48.000
38.000
39.000
43.000
43.000
42.000
44.000
39.000
39.000
47.000
50.000
37.000
44.000
45.000
40.000
40.000
47.000
58.000
45.000
41.000
48.000
45.000
45.000
48.000
54.000
39.000
56.000
48.000
39.000
47.000
44.000
32.000
38.000
45.000
51.000
37.000
52.000
45.000
38.000
38.000
44.000
44.000
53.000
35.000
50.000
48.000
47.000
51.000
44.000
31.000
48.000
46.000
57.000
49.000
53.000
43.000
44.000
48.000
41.000
37.000
40.000
50.000
35.000
46.000
35.000
42.000
52.000
46.000
52.000
57.000
41.000
51.000
45.000
53.000
44.000
46.000
51.000
40.000
47.000
58.000
65.000
52.000
46.000
42.000
58.000
54.000
50.000
38.000
40.000
39.000
34.000
54.000
36.000
43.000
49.000
44.000
51.000
41.000
58.000
50.000
52.000
67.000
36.000
48.000
39.000
52.000
49.000
50.000
43.000
49.000
55.000
65.000
44.000
48.000
53.000
47.000
36.000
50.000
36.000
50.000
39.000
55.000
54.000
58.000
55.000
56.000
51.000
63.000
37.000
56.000
56.000
46.000
58.000
50.000
42.000
57.000
38.000
51.000
61.000
55.000
54.000
62.000
53.000
59.000
41.000
50.000
37.000
52.000
52.000
57.000
43.000
59.000
68.000
60.000
66.000
60.000
48.000
52.000
56.000
52.000
52.000
57.000
63.000
58.000
60.000
51.000
65.000
62.000
57.000
60.000
72.000
54.000
63.000
68.000
44.000
53.000
66.000
78.000
68.000
52.000
64.000
63.000
47.000
58.000
61.000
48.000
41.000
51.000
58.000
54.000
55.000
58.000
59.000
58.000
54.000
53.000
65.000
55.000
49.000
42.000
66.000
57.000
47.000
38.000
54.000
46.000
50.000
34.000
43.000
47.000
43.000
43.000
44.000
36.000
34.000
35.000
42.000
47.000
41.000
32.000
35.000
43.000
35.000
39.000
39.000
31.000
46.000
31.000
31.000
31.000
31.000
29.000
39.000
27.000
35.000
27.000
33.000
44.000
22.000
34.000
31.000
27.000
29.000
25.000
26.000
17.000
31.000
31.000
30.000
34.000
29.000
34.000
33.000
42.000
37.000
35.000
35.000
29.000
31.000
27.000
32.000
35.000
32.000
32.000
25.000
38.000
31.000
43.000
39.000
45.000
43.000
42.000
40.000
33.000
27.000
32.000
45.000
26.000
35.000
37.000
27.000
28.000
40.000
30.000
36.000
28.000
32.000
38.000
27.000
27.000
30.000
24.000
37.000
32.000
31.000
29.000
30.000
27.000
26.000
33.000
34.000
19.000
26.000
35.000
20.000
25.000
39.000
27.000
21.000
18.000
32.000
21.000
23.000
33.000
33.000
22.000
21.000
22.000
18.000
28.000
23.000
27.000
22.000
30.000
37.000
32.000
29.000
33.000
40.000
28.000
36.000
32.000
37.000
42.000
34.000
35.000
42.000
41.000
43.000
57.000
60.000
69.000
48.000
54.000
75.000
69.000
61.000
65.000
55.000
60.000
69.000
61.000
63.000
54.000
62.000
59.000
53.000
43.000
40.000
43.000
38.000
35.000
42.000
30.000
20.000
27.000
25.000
19.000
15.000
19.000
18.000
16.000
17.000
15.000
7.000
10.000
6.000
6.000
8.000
9.000
5.000
5.000
8.000
7.000
5.000
5.000
2.000
5.000
2.000
5.000
3.000
1.000
7.000
3.000
1.000
7.000
3.000
1.000
4.000
7.000
3.000
4.000
3.000
2.000
4.000
4.000
6.000
1.000
4.000
4.000
6.000
7.000
3.000
6.000
5.000
4.000
5.000
11.000
8.000
6.000
8.000
12.000
12.000
9.000
6.000
12.000
10.000
9.000
18.000
15.000
20.000
23.000
22.000
23.000
30.000
29.000
24.000
24.000
27.000
37.000
27.000
31.000
35.000
30.000
39.000
28.000
44.000
35.000
43.000
51.000
49.000
37.000
49.000
39.000
34.000
53.000
47.000
51.000
45.000
28.000
43.000
49.000
42.000
37.000
38.000
33.000
33.000
20.000
25.000
23.000
29.000
16.000
18.000
23.000
14.000
15.000
9.000
7.000
10.000
13.000
12.000
8.000
4.000
1.000
3.000
1.000
6.000
2.000
3.000
0.000
1.000
1.000
1.000
2.000
0.000
0.000
0.000
1.000
0.000
1.000
0.000
1.000
1.000
0.000
1.000
1.000
1.000
1.000
0.000
0.000
2.000
1.000
0.000
2.000
0.000
0.000
1.000
3.000
0.000
0.000
0.000
0.000
0.000
0.000
0.000
1.000
1.000
1.000
0.000
0.000
0.000
2.000
0.000
1.000
2.000
0.000
0.000
0.000
0.000
1.000
1.000
2.000
1.000
0.000
0.000
0.000
0.000
0.000
3.000
47.000
