0.000
0.000
0.000
0.000
0.000
0.000
0.000
0.000
0.000
0.000
0.000
0.000
0.000
0.000
0.000
0.000
0.000
0.000
0.000
0.000
0.000
0.000
0.000
0.000
0.000
0.000
0.000
0.000
0.000
0.000
0.000
0.000
0.000
0.000
0.000
0.000
0.000
0.000
0.000
0.000
0.000
0.000
0.000
0.000
0.000
0.000
0.000
0.000
0.000
0.000
0.000
0.000
0.000
0.000
0.000
0.000
0.000
0.000
0.000
1.000
12.000
29.000
108.000
119.000
136.000
113.000
114.000
116.000
105.000
99.000
119.000
116.000
119.000
115.000
106.000
103.000
131.000
112.000
119.000
111.000
101.000
114.000
96.000
105.000
111.000
103.000
117.000
95.000
94.000
109.000
117.000
94.000
103.000
94.000
103.000
83.000
109.000
101.000
99.000
112.000
92.000
105.000
101.000
86.000
98.000
80.000
72.000
80.000
112.000
97.000
105.000
95.000
94.000
101.000
92.000
83.000
86.000
101.000
85.000
95.000
94.000
86.000
110.000
76.000
102.000
101.000
91.000
105.000
127.000
101.000
125.000
103.000
98.000
82.000
97.000
109.000
93.000
120.000
125.000
148.000
130.000
137.000
127.000
119.000
114.000
102.000
125.000
114.000
125.000
129.000
127.000
117.000
112.000
103.000
99.000
99.000
101.000
94.000
99.000
76.000
90.000
84.000
76.000
81.000
78.000
83.000
90.000
83.000
74.000
85.000
89.000
90.000
96.000
75.000
100.000
101.000
92.000
77.000
78.000
80.000
83.000
78.000
77.000
82.000
111.000
92.000
74.000
93.000
67.000
83.000
94.000
83.000
87.000
85.000
84.000
86.000
79.000
73.000
79.000
76.000
74.000
81.000
78.000
71.000
84.000
86.000
76.000
79.000
78.000
68.000
80.000
78.000
80.000
97.000
77.000
71.000
68.000
76.000
77.000
71.000
73.000
76.000
77.000
95.000
65.000
84.000
70.000
72.000
81.000
72.000
76.000
81.000
81.000
67.000
80.000
57.000
70.000
92.000
94.000
81.000
59.000
85.000
61.000
74.000
74.000
89.000
71.000
86.000
65.000
73.000
63.000
71.000
86.000
63.000
67.000
81.000
73.000
56.000
78.000
71.000
88.000
83.000
74.000
69.000
58.000
67.000
68.000
70.000
67.000
77.000
65.000
58.000
83.000
60.000
50.000
73.000
67.000
63.000
72.000
68.000
71.000
81.000
63.000
80.000
78.000
81.000
65.000
74.000
69.000
70.000
66.000
80.000
65.000
70.000
69.000
96.000
64.000
65.000
70.000
69.000
84.000
97.000
91.000
65.000
75.000
79.000
78.000
80.000
72.000
67.000
67.000
63.000
94.000
71.000
86.000
83.000
84.000
74.000
78.000
73.000
74.000
78.000
62.000
74.000
75.000
81.000
55.000
68.000
65.000
86.000
70.000
73.000
69.000
83.000
62.000
73.000
66.000
56.000
64.000
67.000
62.000
58.000
54.000
44.000
50.000
42.000
55.000
43.000
42.000
30.000
32.000
24.000
40.000
34.000
22.000
23.000
21.000
19.000
19.000
19.000
18.000
23.000
11.000
12.000
15.000
16.000
27.000
10.000
10.000
9.000
6.000
11.000
12.000
9.000
15.000
9.000
11.000
13.000
7.000
11.000
8.000
11.000
8.000
10.000
7.000
11.000
7.000
13.000
7.000
11.000
5.000
5.000
8.000
6.000
5.000
9.000
7.000
2.000
13.000
5.000
9.000
8.000
8.000
9.000
6.000
6.000
7.000
9.000
6.000
6.000
7.000
6.000
7.000
7.000
2.000
0.000
11.000
5.000
10.000
6.000
6.000
8.000
7.000
7.000
5.000
9.000
3.000
12.000
9.000
9.000
9.000
11.000
15.000
6.000
10.000
8.000
13.000
10.000
13.000
13.000
18.000
30.000
28.000
22.000
29.000
19.000
24.000
29.000
45.000
34.000
33.000
38.000
59.000
63.000
61.000
80.000
81.000
99.000
108.000
102.000
131.000
106.000
157.000
173.000
192.000
182.000
203.000
236.000
246.000
214.000
275.000
224.000
266.000
260.000
273.000
207.000
268.000
215.000
213.000
200.000
194.000
176.000
176.000
124.000
114.000
94.000
79.000
71.000
53.000
56.000
34.000
29.000
21.000
24.000
17.000
16.000
12.000
6.000
5.000
4.000
4.000
8.000
4.000
3.000
3.000
3.000
3.000
1.000
1.000
0.000
0.000
2.000
2.000
4.000
0.000
3.000
2.000
1.000
1.000
1.000
2.000
2.000
0.000
0.000
1.000
0.000
0.000
3.000
0.000
1.000
1.000
1.000
0.000
2.000
1.000
0.000
2.000
2.000
2.000
0.000
1.000
0.000
1.000
1.000
0.000
1.000
0.000
0.000
1.000
1.000
0.000
0.000
0.000
0.000
2.000
0.000
0.000
0.000
0.000
0.000
2.000
0.000
0.000
0.000
2.000
1.000
0.000
1.000
1.000
0.000
0.000
0.000
0.000
1.000
0.000
0.000
0.000
0.000
0.000
0.000
1.000
2.000
0.000
1.000
1.000
0.000
2.000
2.000
0.000
1.000
1.000
2.000
0.000
0.000
0.000
0.000
0.000
1.000
1.000
0.000
0.000
0.000
0.000
0.000
0.000
0.000
0.000
0.000
0.000
0.000
1.000
0.000
1.000
0.000
0.000
2.000
0.000
0.000
0.000
0.000
1.000
0.000
0.000
0.000
0.000
1.000
0.000
0.000
0.000
0.000
0.000
0.000
1.000
0.000
0.000
0.000
0.000
0.000
0.000
0.000
0.000
0.000
0.000
0.000
1.000
0.000
0.000
0.000
0.000
0.000
0.000
1.000
0.000
0.000
0.000
1.000
0.000
0.000
1.000
0.000
0.000
0.000
1.000
0.000
0.000
0.000
0.000
0.000
0.000
1.000
0.000
0.000
0.000
0.000
0.000
1.000
0.000
0.000
0.000
0.000
0.000
0.000
0.000
0.000
0.000
0.000
1.000
0.000
0.000
0.000
0.000
0.000
0.000
0.000
0.000
0.000
0.000
0.000
0.000
0.000
1.000
0.000
0.000
0.000
1.000
0.000
0.000
0.000
1.000
0.000
1.000
0.000
0.000
0.000
0.000
0.000
0.000
0.000
0.000
0.000
0.000
0.000
0.000
0.000
0.000
1.000
2.000
1.000
1.000
0.000
0.000
0.000
0.000
0.000
0.000
0.000
0.000
0.000
0.000
0.000
0.000
0.000
0.000
0.000
0.000
0.000
0.000
0.000
1.000
0.000
0.000
0.000
0.000
0.000
0.000
0.000
0.000
1.000
0.000
0.000
0.000
1.000
0.000
0.000
0.000
1.000
0.000
0.000
0.000
0.000
0.000
0.000
0.000
0.000
0.000
2.000
0.000
0.000
0.000
0.000
0.000
0.000
0.000
0.000
0.000
0.000
0.000
0.000
0.000
0.000
0.000
0.000
0.000
0.000
0.000
0.000
0.000
0.000
0.000
0.000
0.000
0.000
0.000
0.000
0.000
0.000
0.000
0.000
0.000
0.000
0.000
0.000
0.000
0.000
0.000
0.000
0.000
0.000
0.000
0.000
0.000
0.000
0.000
0.000
0.000
0.000
0.000
0.000
0.000
0.000
0.000
0.000
0.000
0.000
0.000
0.000
0.000
0.000
0.000
0.000
0.000
0.000
0.000
0.000
0.000
0.000
0.000
0.000
0.000
0.000
0.000
0.000
0.000
0.000
0.000
0.000
0.000
0.000
0.000
0.000
0.000
0.000
0.000
0.000
0.000
0.000
0.000
0.000
0.000
0.000
0.000
0.000
0.000
1.000
0.000
0.000
0.000
0.000
0.000
0.000
0.000
0.000
1.000
0.000
0.000
0.000
0.000
0.000
0.000
0.000
0.000
0.000
0.000
0.000
0.000
0.000
0.000
0.000
0.000
0.000
0.000
0.000
0.000
0.000
0.000
0.000
0.000
0.000
0.000
1.000
0.000
0.000
0.000
1.000
0.000
0.000
0.000
0.000
0.000
0.000
0.000
0.000
0.000
0.000
0.000
0.000
0.000
0.000
0.000
0.000
0.000
0.000
0.000
0.000
0.000
0.000
0.000
0.000
0.000
0.000
0.000
0.000
0.000
0.000
0.000
0.000
0.000
0.000
0.000
0.000
0.000
0.000
0.000
0.000
0.000
0.000
0.000
0.000
0.000
0.000
0.000
0.000
0.000
0.000
0.000
0.000
0.000
0.000
0.000
0.000
0.000
0.000
0.000
0.000
0.000
0.000
0.000
0.000
0.000
0.000
0.000
0.000
0.000
0.000
0.000
0.000
0.000
0.000
0.000
0.000
0.000
0.000
0.000
0.000
0.000
0.000
0.000
0.000
0.000
0.000
0.000
0.000
0.000
0.000
0.000
0.000
0.000
0.000
0.000
0.000
0.000
0.000
0.000
0.000
0.000
0.000
0.000
0.000
0.000
0.000
0.000
0.000
0.000
2.000
